Test
Single RM
0.107,0.094,0.089,0.105,0.103,0.125,0.127,0.125,0.123,0.147,0.15,0.164,0.165,0.171,0.176,0.185,0.106,0.087,0.077,0.085,0.084,0.1,0.087,0.086,0.091,0.086,0.09,0.086,0.084,0.09,0.093,0.087,0.088,0.096,0.09,0.087,0.079,0.104,0.113,0.093,0.115,0.095,0.093,0.097,0.094,0.096,0.103,0.096,0.094,0.091,0.115,0.1,0.072,0.074,0.073,0.076,0.073,0.089,0.084,0.085,0.077,0.093,0.1,0.091,0.09,0.089,0.092,0.078,0.094,0.085,0.083,0.076,0.078,0.094,0.099,0.084,0.08,0.067,0.085,0.079,0.083,0.081,0.109,0.085,0.079,0.113,0.09,0.087,0.08,0.094,0.087,0.081,0.082,0.083,0.069,0.078,0.091,0.078,0.086,0.08,
Total time for single RM: 10.141
Average time for single RM: 0.10141
All three RMs
0.104,0.085,0.085,0.084,0.089,0.088,0.087,0.109,0.091,0.089,0.095,0.085,0.094,0.103,0.1,0.104,0.096,0.087,0.094,0.114,0.095,0.098,0.099,0.105,0.103,0.094,0.1,0.091,0.109,0.114,0.107,0.112,0.114,0.118,0.129,0.129,0.109,0.109,0.123,0.121,0.119,0.119,0.117,0.111,0.115,0.097,0.11,0.127,0.113,0.114,0.121,0.062,0.066,0.064,0.067,0.061,0.05,0.078,0.063,0.074,0.075,0.07,0.075,0.066,0.059,0.087,0.071,0.072,0.066,0.067,0.064,0.051,0.078,0.094,0.063,0.08,0.065,0.073,0.066,0.057,0.063,0.077,0.07,0.067,0.067,0.062,0.067,0.063,0.078,0.07,0.073,0.063,0.066,0.065,0.068,0.064,0.095,0.073,0.069,0.073,
Total time for all 3 RMs: 8.705
Average time for all 3 RMs :8.705
Total analysis time: 18.846
Total analysis average time: 0.09423
